waypoints:
- ow: 0.999999999999967
  ox: 2.2666100131496205e-07
  oy: 1.205406615118669e-07
  oz: 2.5892570364817823e-09
  x: 1.003559993077939
  y: -2.6379868075772708e-08
  z: 0.0
